4294967278,44
4294967278,43
4294967278,42
4294967278,41
4294967278,40
4294967278,39
4294967278,38
4294967294,427
4294967278,174
4294967278,63
4294967278,62
4294967278,61
4294967278,60
4294967278,59
4294967278,58
4294967278,57
4294967278,56
4294967278,55
4294967278,54
4294967278,53
4294967278,52
4294967278,51
4294967278,50
4294967278,49
4294967278,48
4294967278,47
4294967278,46
4294967278,45
4294967279,89
4294967279,87
4294967279,86
4294967279,85
4294967279,84
4294967279,81
4294967279,79
4294967279,78
4294967279,77
4294967279,76
4294967279,74
4294967279,73
4294967279,72
4294967279,71
4294967279,68
4294967279,67
4294967279,65
4294967279,64
4294967279,61
4294967279,60
4294967279,59
4294967279,57
4294967279,55
4294967279,54
4294967279,52
4294967279,51
4294967279,49
4294967279,48
4294967279,45
4294967279,43
4294967279,42
4294967279,40
4294967279,39
4294967279,36
4294967279,34
4294967279,33
4294967279,31
4294967279,29
4294967279,28
4294967279,26
4294967279,25
4294967279,24
4294967279,22
4294967279,21
4294967279,20
4294967294,1422
4294967279,283
4294967279,471
4294967279,418
4294967279,409
4294967294,1418
4294967294,986
4294967294,185
4294967294,982
4294967294,979
4294967294,984
4294967294,1027
4294967278,274
4294967279,268
4294967279,454
4294967279,286
4294967279,467
4294967294,12
4294967279,490
4294967279,259
4294967279,258
4294967278,319
443,4
443,3
443,2
443,1
4294967278,318
4294967294,988
4294967278,317
4294967294,409
4294967294,396
4294967294,399
4294967294,1017
4294967294,407
4294967294,415
4294967294,151
4294967294,1016
4294967294,167
4294967294,183
4294967294,398
4294967294,406
4294967294,466
4294967294,457
4294967294,180
4294967294,453
4294967278,316
4294967278,256
4294967279,489
4294967278,315
442,5
4294967278,312
442,4
4294967278,388
442,3
442,2
442,1
4294967278,311
4294967294,389
4294967294,115
4294967294,1424
4294967278,254
4294967278,253
4294967294,971
441,4
4294967278,252
441,3
441,2
441,1
4294967278,251
4294967278,250
4294967278,248
4294967278,400
4294967278,246
440,5
4294967278,242
440,4
4294967278,240
440,3
440,2
440,1
4294967294,29
4294967278,238
4294967278,132
4294967278,131
4294967278,130
4294967278,129
4294967278,128
4294967278,127
4294967278,126
4294967278,125
4294967278,124
4294967278,123
4294967278,122
4294967278,121
4294967278,120
4294967278,119
4294967278,118
4294967278,117
4294967278,116
4294967278,115
4294967278,113
4294967278,112
4294967278,111
4294967278,110
4294967278,109
4294967278,108
4294967278,107
4294967278,105
4294967278,104
4294967278,101
4294967278,100
4294967278,99
4294967278,98
4294967278,97
4294967278,96
4294967278,95
4294967278,94
4294967278,93
4294967278,92
4294967278,91
4294967278,90
4294967278,76
4294967278,75
4294967278,74
4294967278,73
4294967278,72
4294967278,71
4294967278,70
4294967278,69
4294967278,68
4294967278,67
4294967278,66
4294967278,65
4294967279,475
4294967279,75
4294967279,70
4294967279,69
4294967279,62
4294967279,58
4294967279,56
4294967279,53
4294967279,47
4294967279,44
4294967279,38
4294967279,37
4294967279,35
4294967279,32
4294967279,30
4294967279,27
4294967279,277
4294967279,23
4294967279,462
4294967279,292
4294967279,392
4294967279,19
4294967279,18
4294967279,17
4294967279,16
4294967279,15
4294967279,14
4294967279,13
4294967279,12
4294967279,11
4294967279,10
4294967279,9
4294967279,8
4294967279,7
4294967279,6
4294967279,5
4294967279,4
4294967278,114
4294967278,309
4294967278,236
4294967278,234
439,4
439,3
439,2
439,1
4294967278,232
4294967294,120
4294967278,230
4294967294,42
4294967278,228
438,4
438,3
438,2
438,1
4294967294,43
4294967278,226
4294967278,224
4294967294,44
4294967294,45
4294967294,51
4294967278,222
4294967278,433
4294967278,106
4294967278,220
437,6
4294967294,417
4294967294,52
4294967294,53
4294967278,102
4294967278,214
4294967294,92
4294967294,90
4294967294,87
4294967294,86
4294967278,103
4294967278,391
4294967278,410
437,5
4294967294,99
4294967294,1419
4294967294,84
4294967278,213
4294967278,212
437,4
437,3
437,2
437,1
4294967278,211
4294967294,387
4294967278,210
4294967278,209
436,4
436,3
436,2
436,1
4294967278,208
4294967294,107
4294967278,207
4294967278,206
435,4
435,3
435,2
435,1
4294967278,205
4294967278,89
4294967278,203
434,4
4294967278,202
434,3
434,2
434,1
4294967278,340
4294967278,201
4294967294,5
4294967278,77
4294967278,87
4294967278,339
4294967279,405
4294967294,426
4294967278,86
4294967278,306
4294967278,85
4294967278,338
4294967279,312
4294967278,344
4294967278,260
4294967278,84
4294967278,305
4294967279,488
4294967278,432
4294967278,83
4294967279,83
4294967278,82
4294967278,337
4294967279,82
4294967278,431
4294967278,81
4294967279,309
4294967278,80
4294967278,336
4294967279,80
4294967279,402
4294967294,1019
4294967278,79
4294967278,425
4294967294,50
4294967278,334
4294967278,190
4294967278,78
4294967278,335
4294967279,191
4294967278,189
4294967279,190
4294967279,188
4294967278,186
4294967279,187
4294967278,184
4294967278,183
4294967294,81
4294967279,183
4294967279,66
4294967278,181
4294967279,182
4294967278,180
433,4
433,3
433,2
433,1
4294967278,179
4294967279,180
4294967278,178
4294967279,63
4294967294,114
4294967279,177
4294967278,64
4294967279,449
432,5
432,4
432,3
432,2
432,1
4294967279,173
431,4
431,3
431,2
431,1
4294967278,430
4294967278,346
4294967278,0
4294967279,170
4294967294,985
4294967294,401
4294967294,1026
4294967294,1028
4294967294,1423
4294967294,1032
4294967279,398
430,5
4294967279,165
430,4
430,3
430,2
430,1
4294967279,50
